Point2D, [99, 99]
Point3D, [122, 100, 300]
Point3D, [-299, 300, 100]
Point2D, [900, 556]
Point2D, [-999, -99]
Point2D, [99, 99]
Point3D, [999, -99, 100]
Line2D, [5, 7], [3, 8]
Line2D, [6, 2], [4, 23]
Line3D, [122, 100, 300], [999, 999, 120]
Line2D, [-996, 200], [-497, 23]
Line3D, [162, -100, -300], [999, -999, 120]
Line3D, [112, -100, 300], [-999, 999, 120]
Line2D, [96, -220], [124, -235]
Line3D, [-162, -100, -300], [-999, -999, 120]
Line3D, [112, -100, 300], [-999, 999, 120]
Point3D, [79, -990, 160]
Point3D, [299, -199, 80]
Point3D, [-29, 304, 900]
Point2D, [980, -756]
Point2D, [-699, -991]
Line3D, [-9, -9, -9], [-99, -99, -99]
Point3D, [-9, -9, -9]